1913.0416666666666667 9.8
1913.125 9.8
1913.208333333333333 9.8
1913.291666666666667 9.8
1913.375 9.7
1913.458333333333333 9.8
1913.541666666666667 9.9
1913.625 9.9
1913.708333333333333 10.0
1913.791666666666667 10.0
1913.875 10.1
1913.958333333333333 10.0
1914.0416666666666667 10.0
1914.125 9.9
1914.208333333333333 9.9
1914.291666666666667 9.8
1914.375 9.9
1914.458333333333333 9.9
1914.541666666666667 10.0
1914.625 10.2
1914.708333333333333 10.2
1914.791666666666667 10.1
1914.875 10.2
1914.958333333333333 10.1
1915.0416666666666667 10.1
1915.125 10.0
1915.208333333333333 9.9
1915.291666666666667 10.0
1915.375 10.1
1915.458333333333333 10.1
1915.541666666666667 10.1
1915.625 10.1
1915.708333333333333 10.1
1915.791666666666667 10.2
1915.875 10.3
1915.958333333333333 10.3
1916.0416666666666667 10.4
1916.125 10.4
1916.208333333333333 10.5
1916.291666666666667 10.6
1916.375 10.7
1916.458333333333333 10.8
1916.541666666666667 10.8
1916.625 10.9
1916.708333333333333 11.1
1916.791666666666667 11.3
1916.875 11.5
1916.958333333333333 11.6
1917.0416666666666667 11.7
1917.125 12.0
1917.208333333333333 12.0
1917.291666666666667 12.6
1917.375 12.8
1917.458333333333333 13.0
1917.541666666666667 12.8
1917.625 13.0
1917.708333333333333 13.3
1917.791666666666667 13.5
1917.875 13.5
1917.958333333333333 13.7
1918.0416666666666667 14.0
1918.125 14.1
1918.208333333333333 14.0
1918.291666666666667 14.2
1918.375 14.5
1918.458333333333333 14.7
1918.541666666666667 15.1
1918.625 15.4
1918.708333333333333 15.7
1918.791666666666667 16.0
1918.875 16.3
1918.958333333333333 16.5
1919.0416666666666667 16.5
1919.125 16.2
1919.208333333333333 16.4
1919.291666666666667 16.7
1919.375 16.9
1919.458333333333333 16.9
1919.541666666666667 17.4
1919.625 17.7
1919.708333333333333 17.8
1919.791666666666667 18.1
1919.875 18.5
1919.958333333333333 18.9
1920.0416666666666667 19.3
1920.125 19.5
1920.208333333333333 19.7
1920.291666666666667 20.3
1920.375 20.6
1920.458333333333333 20.9
1920.541666666666667 20.8
1920.625 20.3
1920.708333333333333 20.0
1920.791666666666667 19.9
1920.875 19.8
1920.958333333333333 19.4
1921.0416666666666667 19.0
1921.125 18.4
1921.208333333333333 18.3
1921.291666666666667 18.1
1921.375 17.7
1921.458333333333333 17.6
1921.541666666666667 17.7
1921.625 17.7
1921.708333333333333 17.5
1921.791666666666667 17.5
1921.875 17.4
1921.958333333333333 17.3
1922.0416666666666667 16.9
1922.125 16.9
1922.208333333333333 16.7
1922.291666666666667 16.7
1922.375 16.7
1922.458333333333333 16.7
1922.541666666666667 16.8
1922.625 16.6
1922.708333333333333 16.6
1922.791666666666667 16.7
1922.875 16.8
1922.958333333333333 16.9
1923.0416666666666667 16.8
1923.125 16.8
1923.208333333333333 16.8
1923.291666666666667 16.9
1923.375 16.9
1923.458333333333333 17.0
1923.541666666666667 17.2
1923.625 17.1
1923.708333333333333 17.2
1923.791666666666667 17.3
1923.875 17.3
1923.958333333333333 17.3
1924.0416666666666667 17.3
1924.125 17.2
1924.208333333333333 17.1
1924.291666666666667 17.0
1924.375 17.0
1924.458333333333333 17.0
1924.541666666666667 17.1
1924.625 17.0
1924.708333333333333 17.1
1924.791666666666667 17.2
1924.875 17.2
1924.958333333333333 17.3
1925.0416666666666667 17.3
1925.125 17.2
1925.208333333333333 17.3
1925.291666666666667 17.2
1925.375 17.3
1925.458333333333333 17.5
1925.541666666666667 17.7
1925.625 17.7
1925.708333333333333 17.7
1925.791666666666667 17.7
1925.875 18.0
1925.958333333333333 17.9
1926.0416666666666667 17.9
1926.125 17.9
1926.208333333333333 17.8
1926.291666666666667 17.9
1926.375 17.8
1926.458333333333333 17.7
1926.541666666666667 17.5
1926.625 17.4
1926.708333333333333 17.5
1926.791666666666667 17.6
1926.875 17.7
1926.958333333333333 17.7
1927.0416666666666667 17.5
1927.125 17.4
1927.208333333333333 17.3
1927.291666666666667 17.3
1927.375 17.4
1927.458333333333333 17.6
1927.541666666666667 17.3
1927.625 17.2
1927.708333333333333 17.3
1927.791666666666667 17.4
1927.875 17.3
1927.958333333333333 17.3
1928.0416666666666667 17.3
1928.125 17.1
1928.208333333333333 17.1
1928.291666666666667 17.1
1928.375 17.2
1928.458333333333333 17.1
1928.541666666666667 17.1
1928.625 17.1
1928.708333333333333 17.3
1928.791666666666667 17.2
1928.875 17.2
1928.958333333333333 17.1
1929.0416666666666667 17.1
1929.125 17.1
1929.208333333333333 17.0
1929.291666666666667 16.9
1929.375 17.0
1929.458333333333333 17.1
1929.541666666666667 17.3
1929.625 17.3
1929.708333333333333 17.3
1929.791666666666667 17.3
1929.875 17.3
1929.958333333333333 17.2
1930.0416666666666667 17.1
1930.125 17.0
1930.208333333333333 16.9
1930.291666666666667 17.0
1930.375 16.9
1930.458333333333333 16.8
1930.541666666666667 16.6
1930.625 16.5
1930.708333333333333 16.6
1930.791666666666667 16.5
1930.875 16.4
1930.958333333333333 16.1
1931.0416666666666667 15.9
1931.125 15.7
1931.208333333333333 15.6
1931.291666666666667 15.5
1931.375 15.3
1931.458333333333333 15.1
1931.541666666666667 15.1
1931.625 15.1
1931.708333333333333 15.0
1931.791666666666667 14.9
1931.875 14.7
1931.958333333333333 14.6
1932.0416666666666667 14.3
1932.125 14.1
1932.208333333333333 14.0
1932.291666666666667 13.9
1932.375 13.7
1932.458333333333333 13.6
1932.541666666666667 13.6
1932.625 13.5
1932.708333333333333 13.4
1932.791666666666667 13.3
1932.875 13.2
1932.958333333333333 13.1
1933.0416666666666667 12.9
1933.125 12.7
1933.208333333333333 12.6
1933.291666666666667 12.6
1933.375 12.6
1933.458333333333333 12.7
1933.541666666666667 13.1
1933.625 13.2
1933.708333333333333 13.2
1933.791666666666667 13.2
1933.875 13.2
1933.958333333333333 13.2
1934.0416666666666667 13.2
1934.125 13.3
1934.208333333333333 13.3
1934.291666666666667 13.3
1934.375 13.3
1934.458333333333333 13.4
1934.541666666666667 13.4
1934.625 13.4
1934.708333333333333 13.6
1934.791666666666667 13.5
1934.875 13.5
1934.958333333333333 13.4
1935.0416666666666667 13.6
1935.125 13.7
1935.208333333333333 13.7
1935.291666666666667 13.8
1935.375 13.8
1935.458333333333333 13.7
1935.541666666666667 13.7
1935.625 13.7
1935.708333333333333 13.7
1935.791666666666667 13.7
1935.875 13.8
1935.958333333333333 13.8
1936.0416666666666667 13.8
1936.125 13.8
1936.208333333333333 13.7
1936.291666666666667 13.7
1936.375 13.7
1936.458333333333333 13.8
1936.541666666666667 13.9
1936.625 14.0
1936.708333333333333 14.0
1936.791666666666667 14.0
1936.875 14.0
1936.958333333333333 14.0
1937.0416666666666667 14.1
1937.125 14.1
1937.208333333333333 14.2
1937.291666666666667 14.3
1937.375 14.4
1937.458333333333333 14.4
1937.541666666666667 14.5
1937.625 14.5
1937.708333333333333 14.6
1937.791666666666667 14.6
1937.875 14.5
1937.958333333333333 14.4
1938.0416666666666667 14.2
1938.125 14.1
1938.208333333333333 14.1
1938.291666666666667 14.2
1938.375 14.1
1938.458333333333333 14.1
1938.541666666666667 14.1
1938.625 14.1
1938.708333333333333 14.1
1938.791666666666667 14.0
1938.875 14.0
1938.958333333333333 14.0
1939.0416666666666667 14.0
1939.125 13.9
1939.208333333333333 13.9
1939.291666666666667 13.8
1939.375 13.8
1939.458333333333333 13.8
1939.541666666666667 13.8
1939.625 13.8
1939.708333333333333 14.1
1939.791666666666667 14.0
1939.875 14.0
1939.958333333333333 14.0
1940.0416666666666667 13.9
1940.125 14.0
1940.208333333333333 14.0
1940.291666666666667 14.0
1940.375 14.0
1940.458333333333333 14.1
1940.541666666666667 14.0
1940.625 14.0
1940.708333333333333 14.0
1940.791666666666667 14.0
1940.875 14.0
1940.958333333333333 14.1
1941.0416666666666667 14.1
1941.125 14.1
1941.208333333333333 14.2
1941.291666666666667 14.3
1941.375 14.4
1941.458333333333333 14.7
1941.541666666666667 14.7
1941.625 14.9
1941.708333333333333 15.1
1941.791666666666667 15.3
1941.875 15.4
1941.958333333333333 15.5
1942.0416666666666667 15.7
1942.125 15.8
1942.208333333333333 16.0
1942.291666666666667 16.1
1942.375 16.3
1942.458333333333333 16.3
1942.541666666666667 16.4
1942.625 16.5
1942.708333333333333 16.5
1942.791666666666667 16.7
1942.875 16.8
1942.958333333333333 16.9
1943.0416666666666667 16.9
1943.125 16.9
1943.208333333333333 17.2
1943.291666666666667 17.4
1943.375 17.5
1943.458333333333333 17.5
1943.541666666666667 17.4
1943.625 17.3
1943.708333333333333 17.4
1943.791666666666667 17.4
1943.875 17.4
1943.958333333333333 17.4
1944.0416666666666667 17.4
1944.125 17.4
1944.208333333333333 17.4
1944.291666666666667 17.5
1944.375 17.5
1944.458333333333333 17.6
1944.541666666666667 17.7
1944.625 17.7
1944.708333333333333 17.7
1944.791666666666667 17.7
1944.875 17.7
1944.958333333333333 17.8
1945.0416666666666667 17.8
1945.125 17.8
1945.208333333333333 17.8
1945.291666666666667 17.8
1945.375 17.9
1945.458333333333333 18.1
1945.541666666666667 18.1
1945.625 18.1
1945.708333333333333 18.1
1945.791666666666667 18.1
1945.875 18.1
1945.958333333333333 18.2
1946.0416666666666667 18.2
1946.125 18.1
1946.208333333333333 18.3
1946.291666666666667 18.4
1946.375 18.5
1946.458333333333333 18.7
1946.541666666666667 19.8
1946.625 20.2
1946.708333333333333 20.4
1946.791666666666667 20.8
1946.875 21.3
1946.958333333333333 21.5
1947.0416666666666667 21.5
1947.125 21.5
1947.208333333333333 21.9
1947.291666666666667 21.9
1947.375 21.9
1947.458333333333333 22.0
1947.541666666666667 22.2
1947.625 22.5
1947.708333333333333 23.0
1947.791666666666667 23.0
1947.875 23.1
1947.958333333333333 23.4
1948.0416666666666667 23.7
1948.125 23.5
1948.208333333333333 23.4
1948.291666666666667 23.8
1948.375 23.9
1948.458333333333333 24.1
1948.541666666666667 24.4
1948.625 24.5
1948.708333333333333 24.5
1948.791666666666667 24.4
1948.875 24.2
1948.958333333333333 24.1
1949.0416666666666667 24.0
1949.125 23.8
1949.208333333333333 23.8
1949.291666666666667 23.9
1949.375 23.8
1949.458333333333333 23.9
1949.541666666666667 23.7
1949.625 23.8
1949.708333333333333 23.9
1949.791666666666667 23.7
1949.875 23.8
1949.958333333333333 23.6
1950.0416666666666667 23.5
1950.125 23.5
1950.208333333333333 23.6
1950.291666666666667 23.6
1950.375 23.7
1950.458333333333333 23.8
1950.541666666666667 24.1
1950.625 24.3
1950.708333333333333 24.4
1950.791666666666667 24.6
1950.875 24.7
1950.958333333333333 25.0
1951.0416666666666667 25.4
1951.125 25.7
1951.208333333333333 25.8
1951.291666666666667 25.8
1951.375 25.9
1951.458333333333333 25.9
1951.541666666666667 25.9
1951.625 25.9
1951.708333333333333 26.1
1951.791666666666667 26.2
1951.875 26.4
1951.958333333333333 26.5
1952.0416666666666667 26.5
1952.125 26.3
1952.208333333333333 26.3
1952.291666666666667 26.4
1952.375 26.4
1952.458333333333333 26.5
1952.541666666666667 26.7
1952.625 26.7
1952.708333333333333 26.7
1952.791666666666667 26.7
1952.875 26.7
1952.958333333333333 26.7
1953.0416666666666667 26.6
1953.125 26.5
1953.208333333333333 26.6
1953.291666666666667 26.6
1953.375 26.7
1953.458333333333333 26.8
1953.541666666666667 26.8
1953.625 26.9
1953.708333333333333 26.9
1953.791666666666667 27.0
1953.875 26.9
1953.958333333333333 26.9
1954.0416666666666667 26.9
1954.125 26.9
1954.208333333333333 26.9
1954.291666666666667 26.8
1954.375 26.9
1954.458333333333333 26.9
1954.541666666666667 26.9
1954.625 26.9
1954.708333333333333 26.8
1954.791666666666667 26.8
1954.875 26.8
1954.958333333333333 26.7
1955.0416666666666667 26.7
1955.125 26.7
1955.208333333333333 26.7
1955.291666666666667 26.7
1955.375 26.7
1955.458333333333333 26.7
1955.541666666666667 26.8
1955.625 26.8
1955.708333333333333 26.9
1955.791666666666667 26.9
1955.875 26.9
1955.958333333333333 26.8
1956.0416666666666667 26.8
1956.125 26.8
1956.208333333333333 26.8
1956.291666666666667 26.9
1956.375 27.0
1956.458333333333333 27.2
1956.541666666666667 27.4
1956.625 27.3
1956.708333333333333 27.4
1956.791666666666667 27.5
1956.875 27.5
1956.958333333333333 27.6
1957.0416666666666667 27.6
1957.125 27.7
1957.208333333333333 27.8
1957.291666666666667 27.9
1957.375 28.0
1957.458333333333333 28.1
1957.541666666666667 28.3
1957.625 28.3
1957.708333333333333 28.3
1957.791666666666667 28.3
1957.875 28.4
1957.958333333333333 28.4
1958.0416666666666667 28.6
1958.125 28.6
1958.208333333333333 28.8
1958.291666666666667 28.9
1958.375 28.9
1958.458333333333333 28.9
1958.541666666666667 29.0
1958.625 28.9
1958.708333333333333 28.9
1958.791666666666667 28.9
1958.875 29.0
1958.958333333333333 28.9
1959.0416666666666667 29.0
1959.125 28.9
1959.208333333333333 28.9
1959.291666666666667 29.0
1959.375 29.0
1959.458333333333333 29.1
1959.541666666666667 29.2
1959.625 29.2
1959.708333333333333 29.3
1959.791666666666667 29.4
1959.875 29.4
1959.958333333333333 29.4
1960.0416666666666667 29.3
1960.125 29.4
1960.208333333333333 29.4
1960.291666666666667 29.5
1960.375 29.5
1960.458333333333333 29.6
1960.541666666666667 29.6
1960.625 29.6
1960.708333333333333 29.6
1960.791666666666667 29.8
1960.875 29.8
1960.958333333333333 29.8
1961.0416666666666667 29.8
1961.125 29.8
1961.208333333333333 29.8
1961.291666666666667 29.8
1961.375 29.8
1961.458333333333333 29.8
1961.541666666666667 30.0
1961.625 29.9
1961.708333333333333 30.0
1961.791666666666667 30.0
1961.875 30.0
1961.958333333333333 30.0
1962.0416666666666667 30.0
1962.125 30.1
1962.208333333333333 30.1
1962.291666666666667 30.2
1962.375 30.2
1962.458333333333333 30.2
1962.541666666666667 30.3
1962.625 30.3
1962.708333333333333 30.4
1962.791666666666667 30.4
1962.875 30.4
1962.958333333333333 30.4
1963.0416666666666667 30.4
1963.125 30.4
1963.208333333333333 30.5
1963.291666666666667 30.5
1963.375 30.5
1963.458333333333333 30.6
1963.541666666666667 30.7
1963.625 30.7
1963.708333333333333 30.7
1963.791666666666667 30.8
1963.875 30.8
1963.958333333333333 30.9
1964.0416666666666667 30.9
1964.125 30.9
1964.208333333333333 30.9
1964.291666666666667 30.9
1964.375 30.9
1964.458333333333333 31.0
1964.541666666666667 31.1
1964.625 31.0
1964.708333333333333 31.1
1964.791666666666667 31.1
1964.875 31.2
1964.958333333333333 31.2
1965.0416666666666667 31.2
1965.125 31.2
1965.208333333333333 31.3
1965.291666666666667 31.4
1965.375 31.4
1965.458333333333333 31.6
1965.541666666666667 31.6
1965.625 31.6
1965.708333333333333 31.6
1965.791666666666667 31.7
1965.875 31.7
1965.958333333333333 31.8
1966.0416666666666667 31.8
1966.125 32.0
1966.208333333333333 32.1
1966.291666666666667 32.3
1966.375 32.3
1966.458333333333333 32.4
1966.541666666666667 32.5
1966.625 32.7
1966.708333333333333 32.7
1966.791666666666667 32.9
1966.875 32.9
1966.958333333333333 32.9
1967.0416666666666667 32.9
1967.125 32.9
1967.208333333333333 33.0
1967.291666666666667 33.1
1967.375 33.2
1967.458333333333333 33.3
1967.541666666666667 33.4
1967.625 33.5
1967.708333333333333 33.6
1967.791666666666667 33.7
1967.875 33.8
1967.958333333333333 33.9
1968.0416666666666667 34.1
1968.125 34.2
1968.208333333333333 34.3
1968.291666666666667 34.4
1968.375 34.5
1968.458333333333333 34.7
1968.541666666666667 34.9
1968.625 35.0
1968.708333333333333 35.1
1968.791666666666667 35.3
1968.875 35.4
1968.958333333333333 35.5
1969.0416666666666667 35.6
1969.125 35.8
1969.208333333333333 36.1
1969.291666666666667 36.3
1969.375 36.4
1969.458333333333333 36.6
1969.541666666666667 36.8
1969.625 37.0
1969.708333333333333 37.1
1969.791666666666667 37.3
1969.875 37.5
1969.958333333333333 37.7
1970.0416666666666667 37.8
1970.125 38.0
1970.208333333333333 38.2
1970.291666666666667 38.5
1970.375 38.6
1970.458333333333333 38.8
1970.541666666666667 39.0
1970.625 39.0
1970.708333333333333 39.2
1970.791666666666667 39.4
1970.875 39.6
1970.958333333333333 39.8
1971.0416666666666667 39.8
1971.125 39.9
1971.208333333333333 40.0
1971.291666666666667 40.1
1971.375 40.3
1971.458333333333333 40.6
1971.541666666666667 40.7
1971.625 40.8
1971.708333333333333 40.8
1971.791666666666667 40.9
1971.875 40.9
1971.958333333333333 41.1
1972.0416666666666667 41.1
1972.125 41.3
1972.208333333333333 41.4
1972.291666666666667 41.5
1972.375 41.6
1972.458333333333333 41.7
1972.541666666666667 41.9
1972.625 42.0
1972.708333333333333 42.1
1972.791666666666667 42.3
1972.875 42.4
1972.958333333333333 42.5
1973.0416666666666667 42.6
1973.125 42.9
1973.208333333333333 43.3
1973.291666666666667 43.6
1973.375 43.9
1973.458333333333333 44.2
1973.541666666666667 44.3
1973.625 45.1
1973.708333333333333 45.2
1973.791666666666667 45.6
1973.875 45.9
1973.958333333333333 46.2
1974.0416666666666667 46.6
1974.125 47.2
1974.208333333333333 47.8
1974.291666666666667 48.0
1974.375 48.6
1974.458333333333333 49.0
1974.541666666666667 49.4
1974.625 50.0
1974.708333333333333 50.6
1974.791666666666667 51.1
1974.875 51.5
1974.958333333333333 51.9
1975.0416666666666667 52.1
1975.125 52.5
1975.208333333333333 52.7
1975.291666666666667 52.9
1975.375 53.2
1975.458333333333333 53.6
1975.541666666666667 54.2
1975.625 54.3
1975.708333333333333 54.6
1975.791666666666667 54.9
1975.875 55.3
1975.958333333333333 55.5
1976.0416666666666667 55.6
1976.125 55.8
1976.208333333333333 55.9
1976.291666666666667 56.1
1976.375 56.5
1976.458333333333333 56.8
1976.541666666666667 57.1
1976.625 57.4
1976.708333333333333 57.6
1976.791666666666667 57.9
1976.875 58.0
1976.958333333333333 58.2
1977.0416666666666667 58.5
1977.125 59.1
1977.208333333333333 59.5
1977.291666666666667 60.0
1977.375 60.3
1977.458333333333333 60.7
1977.541666666666667 61.0
1977.625 61.2
1977.708333333333333 61.4
1977.791666666666667 61.6
1977.875 61.9
1977.958333333333333 62.1
1978.0416666666666667 62.5
1978.125 62.9
1978.208333333333333 63.4
1978.291666666666667 63.9
1978.375 64.5
1978.458333333333333 65.2
1978.541666666666667 65.7
1978.625 66.0
1978.708333333333333 66.5
1978.791666666666667 67.1
1978.875 67.4
1978.958333333333333 67.7
1979.0416666666666667 68.3
1979.125 69.1
1979.208333333333333 69.8
1979.291666666666667 70.6
1979.375 71.5
1979.458333333333333 72.3
1979.541666666666667 73.1
1979.625 73.8
1979.708333333333333 74.6
1979.791666666666667 75.2
1979.875 75.9
1979.958333333333333 76.7
1980.0416666666666667 77.8
1980.125 78.9
1980.208333333333333 80.1
1980.291666666666667 81.0
1980.375 81.8
1980.458333333333333 82.7
1980.541666666666667 82.7
1980.625 83.3
1980.708333333333333 84.0
1980.791666666666667 84.8
1980.875 85.5
1980.958333333333333 86.3
1981.0416666666666667 87.0
1981.125 87.9
1981.208333333333333 88.5
1981.291666666666667 89.1
1981.375 89.8
1981.458333333333333 90.6
1981.541666666666667 91.6
1981.625 92.3
1981.708333333333333 93.2
1981.791666666666667 93.4
1981.875 93.7
1981.958333333333333 94.0
1982.0416666666666667 94.3
1982.125 94.6
1982.208333333333333 94.5
1982.291666666666667 94.9
1982.375 95.8
1982.458333333333333 97.0
1982.541666666666667 97.5
1982.625 97.7
1982.708333333333333 97.9
1982.791666666666667 98.2
1982.875 98.0
1982.958333333333333 97.6
1983.0416666666666667 97.8
1983.125 97.9
1983.208333333333333 97.9
1983.291666666666667 98.6
1983.375 99.2
1983.458333333333333 99.5
1983.541666666666667 99.9
1983.625 100.2
1983.708333333333333 100.7
1983.791666666666667 101.0
1983.875 101.2
1983.958333333333333 101.3
1984.0416666666666667 101.9
1984.125 102.4
1984.208333333333333 102.6
1984.291666666666667 103.1
1984.375 103.4
1984.458333333333333 103.7
1984.541666666666667 104.1
1984.625 104.5
1984.708333333333333 105.0
1984.791666666666667 105.3
1984.875 105.3
1984.958333333333333 105.3
1985.0416666666666667 105.5
1985.125 106.0
1985.208333333333333 106.4
1985.291666666666667 106.9
1985.375 107.3
1985.458333333333333 107.6
1985.541666666666667 107.8
1985.625 108.0
1985.708333333333333 108.3
1985.791666666666667 108.7
1985.875 109.0
1985.958333333333333 109.3
1986.0416666666666667 109.6
1986.125 109.3
1986.208333333333333 108.8
1986.291666666666667 108.6
1986.375 108.9
1986.458333333333333 109.5
1986.541666666666667 109.5
1986.625 109.7
1986.708333333333333 110.2
1986.791666666666667 110.3
1986.875 110.4
1986.958333333333333 110.5
1987.0416666666666667 111.2
1987.125 111.6
1987.208333333333333 112.1
1987.291666666666667 112.7
1987.375 113.1
1987.458333333333333 113.5
1987.541666666666667 113.8
1987.625 114.4
1987.708333333333333 115.0
1987.791666666666667 115.3
1987.875 115.4
1987.958333333333333 115.4
1988.0416666666666667 115.7
1988.125 116.0
1988.208333333333333 116.5
1988.291666666666667 117.1
1988.375 117.5
1988.458333333333333 118.0
1988.541666666666667 118.5
1988.625 119.0
1988.708333333333333 119.8
1988.791666666666667 120.2
1988.875 120.3
1988.958333333333333 120.5
1989.0416666666666667 121.1
1989.125 121.6
1989.208333333333333 122.3
1989.291666666666667 123.1
1989.375 123.8
1989.458333333333333 124.1
1989.541666666666667 124.4
1989.625 124.6
1989.708333333333333 125.0
1989.791666666666667 125.6
1989.875 125.9
1989.958333333333333 126.1
1990.0416666666666667 127.4
1990.125 128.0
1990.208333333333333 128.7
1990.291666666666667 128.9
1990.375 129.2
1990.458333333333333 129.9
1990.541666666666667 130.4
1990.625 131.6
1990.708333333333333 132.7
1990.791666666666667 133.5
1990.875 133.8
1990.958333333333333 133.8
1991.0416666666666667 134.6
1991.125 134.8
1991.208333333333333 135.0
1991.291666666666667 135.2
1991.375 135.6
1991.458333333333333 136.0
1991.541666666666667 136.2
1991.625 136.6
1991.708333333333333 137.2
1991.791666666666667 137.4
1991.875 137.8
1991.958333333333333 137.9
1992.0416666666666667 138.1
1992.125 138.6
1992.208333333333333 139.3
1992.291666666666667 139.5
1992.375 139.7
1992.458333333333333 140.2
1992.541666666666667 140.5
1992.625 140.9
1992.708333333333333 141.3
1992.791666666666667 141.8
1992.875 142.0
1992.958333333333333 141.9
1993.0416666666666667 142.6
1993.125 143.1
1993.208333333333333 143.6
1993.291666666666667 144.0
1993.375 144.2
1993.458333333333333 144.4
1993.541666666666667 144.4
1993.625 144.8
1993.708333333333333 145.1
1993.791666666666667 145.7
1993.875 145.8
1993.958333333333333 145.8
1994.0416666666666667 146.2
1994.125 146.7
1994.208333333333333 147.2
1994.291666666666667 147.4
1994.375 147.5
1994.458333333333333 148.0
1994.541666666666667 148.4
1994.625 149.0
1994.708333333333333 149.4
1994.791666666666667 149.5
1994.875 149.7
1994.958333333333333 149.7
1995.0416666666666667 150.3
1995.125 150.9
1995.208333333333333 151.4
1995.291666666666667 151.9
1995.375 152.2
1995.458333333333333 152.5
1995.541666666666667 152.5
1995.625 152.9
1995.708333333333333 153.2
1995.791666666666667 153.7
1995.875 153.6
1995.958333333333333 153.5
1996.0416666666666667 154.4
1996.125 154.9
1996.208333333333333 155.7
1996.291666666666667 156.3
1996.375 156.6
1996.458333333333333 156.7
1996.541666666666667 157.0
1996.625 157.3
1996.708333333333333 157.8
1996.791666666666667 158.3
1996.875 158.6
1996.958333333333333 158.6
1997.0416666666666667 159.1
1997.125 159.6
1997.208333333333333 160.0
1997.291666666666667 160.2
1997.375 160.1
1997.458333333333333 160.3
1997.541666666666667 160.5
1997.625 160.8
1997.708333333333333 161.2
1997.791666666666667 161.6
1997.875 161.5
1997.958333333333333 161.3
1998.0416666666666667 161.6
1998.125 161.9
1998.208333333333333 162.2
1998.291666666666667 162.5
1998.375 162.8
1998.458333333333333 163.0
1998.541666666666667 163.2
1998.625 163.4
1998.708333333333333 163.6
1998.791666666666667 164.0
1998.875 164.0
1998.958333333333333 163.9
1999.0416666666666667 164.3
1999.125 164.5
1999.208333333333333 165.0
1999.291666666666667 166.2
1999.375 166.2
1999.458333333333333 166.2
1999.541666666666667 166.7
1999.625 167.1
1999.708333333333333 167.9
1999.791666666666667 168.2
1999.875 168.3
1999.958333333333333 168.3
2000.0416666666666667 168.8
2000.125 169.8
2000.208333333333333 171.2
2000.291666666666667 171.3
2000.375 171.5
2000.458333333333333 172.4
2000.541666666666667 172.8
2000.625 172.8
2000.708333333333333 173.7
2000.791666666666667 174.0
2000.875 174.1
2000.958333333333333 174.0
2001.0416666666666667 175.1
2001.125 175.8
2001.208333333333333 176.2
2001.291666666666667 176.9
2001.375 177.7
2001.458333333333333 178.0
2001.541666666666667 177.5
2001.625 177.5
2001.708333333333333 178.3
2001.791666666666667 177.7
2001.875 177.4
2001.958333333333333 176.7
2002.0416666666666667 177.1
2002.125 177.8
2002.208333333333333 178.8
2002.291666666666667 179.8
2002.375 179.8
2002.458333333333333 179.9
2002.541666666666667 180.1
2002.625 180.7
2002.708333333333333 181.0
2002.791666666666667 181.3
2002.875 181.3
2002.958333333333333 180.9
2003.0416666666666667 181.7
2003.125 183.1
2003.208333333333333 184.2
2003.291666666666667 183.8
2003.375 183.5
2003.458333333333333 183.7
2003.541666666666667 183.9
2003.625 184.6
2003.708333333333333 185.2
2003.791666666666667 185.0
2003.875 184.5
2003.958333333333333 184.3
2004.0416666666666667 185.2
2004.125 186.2
2004.208333333333333 187.4
2004.291666666666667 188.0
2004.375 189.1
2004.458333333333333 189.7
2004.541666666666667 189.4
2004.625 189.5
2004.708333333333333 189.9
2004.791666666666667 190.9
2004.875 191.0
2004.958333333333333 190.3
2005.0416666666666667 190.7
2005.125 191.8
2005.208333333333333 193.3
2005.291666666666667 194.6
2005.375 194.4
2005.458333333333333 194.5
2005.541666666666667 195.4
2005.625 196.4
2005.708333333333333 198.8
2005.791666666666667 199.2
2005.875 197.6
2005.958333333333333 196.8
2006.0416666666666667 198.3
2006.125 198.7
2006.208333333333333 199.8
2006.291666666666667 201.5
2006.375 202.5
2006.458333333333333 202.9
2006.541666666666667 203.5
2006.625 203.9
2006.708333333333333 202.9
2006.791666666666667 201.8
2006.875 201.5
2006.958333333333333 201.8
2007.0416666666666667 202.416
2007.125 203.499
2007.208333333333333 205.352
2007.291666666666667 206.686
2007.375 207.949
2007.458333333333333 208.352
2007.541666666666667 208.299
2007.625 207.917
2007.708333333333333 208.490
2007.791666666666667 208.936
2007.875 210.177
2007.958333333333333 210.036
2008.0416666666666667 211.080
2008.125 211.693
2008.208333333333333 213.528
2008.291666666666667 214.823
2008.375 216.632
2008.458333333333333 218.815
2008.541666666666667 219.964
2008.625 219.086
2008.708333333333333 218.783
2008.791666666666667 216.573
2008.875 212.425
2008.958333333333333 210.228
2009.0416666666666667 211.143
2009.125 212.193
2009.208333333333333 212.709
2009.291666666666667 213.240
2009.375 213.856
2009.458333333333333 215.693
2009.541666666666667 215.351
2009.625 215.834
2009.708333333333333 215.969
2009.791666666666667 216.177
2009.875 216.330
2009.958333333333333 215.949
2010.0416666666666667 216.687
2010.125 216.741
2010.208333333333333 217.631
2010.291666666666667 218.009
2010.375 218.178
2010.458333333333333 217.965
2010.541666666666667 218.011
2010.625 218.312
2010.708333333333333 218.439
2010.791666666666667 218.711
2010.875 218.803
2010.958333333333333 219.179
2011.0416666666666667 220.223
2011.125 221.309
2011.208333333333333 223.467
2011.291666666666667 224.906
2011.375 225.964
2011.458333333333333 225.722
2011.541666666666667 225.922
2011.625 226.545
2011.708333333333333 226.889
2011.791666666666667 226.421
2011.875 226.230
2011.958333333333333 225.672
2012.0416666666666667 226.665
